4.175881743431091309e-01 -2.379724942147731781e-02 -2.598202787339687347e-02 -1.113738119602203369e-02 -2.517790161073207855e-02 -4.827023670077323914e-02 -7.006493955850601196e-02 -1.554325968027114868e-01 -1.813429445028305054e-01 -2.077494412660598755e-01 -1.407548040151596069e-01 -1.868305653333663940e-01 -1.907504647970199585e-01
-2.379724942147731781e-02 5.617627501487731934e-01 -3.441997244954109192e-02 -4.130489006638526917e-02 -2.678667567670345306e-02 -4.074072837829589844e-02 -5.985240638256072998e-02 -1.493309140205383301e-01 -1.742461770772933960e-01 -2.018246203660964966e-01 -1.368926912546157837e-01 -1.801422536373138428e-01 -1.852314174175262451e-01
-2.598202787339687347e-02 -3.441997244954109192e-02 5.032857060432434082e-01 -4.332648962736129761e-02 -2.731866203248500824e-02 -3.426700085401535034e-02 -6.564544886350631714e-02 -1.544520109891891479e-01 -1.795710474252700806e-01 -2.068584561347961426e-01 -1.402300298213958740e-01 -1.825841069221496582e-01 -1.895279735326766968e-01
-1.113738119602203369e-02 -4.130489006638526917e-02 -4.332648962736129761e-02 5.336735844612121582e-01 -5.971726030111312866e-02 -2.954543009400367737e-02 -5.072997137904167175e-02 -1.492744982242584229e-01 -1.747401803731918335e-01 -2.029070258140563965e-01 -1.373456120491027832e-01 -1.785790771245956421e-01 -1.834632307291030884e-01
-2.517790161073207855e-02 -2.678667567670345306e-02 -2.731866203248500824e-02 -5.971726030111312866e-02 5.023583173751831055e-01 -4.006039723753929138e-02 -2.884713560342788696e-02 -1.551096141338348389e-01 -1.855979710817337036e-01 -2.124179601669311523e-01 -1.423623263835906982e-01 -1.891704499721527100e-01 -1.951305717229843140e-01
-4.827023670077323914e-02 -4.074072837829589844e-02 -3.426700085401535034e-02 -2.954543009400367737e-02 -4.006039723753929138e-02 5.350211858749389648e-01 -5.579126998782157898e-02 -1.479210555553436279e-01 -1.690493822097778320e-01 -1.985284984111785889e-01 -1.322587281465530396e-01 -1.752955168485641479e-01 -1.806220412254333496e-01
-7.006493955850601196e-02 -5.985240638256072998e-02 -6.564544886350631714e-02 -5.072997137904167175e-02 -2.884713560342788696e-02 -5.579126998782157898e-02 6.240659952163696289e-01 -1.836933940649032593e-01 -2.298134267330169678e-01 -2.536141574382781982e-01 -1.665696501731872559e-01 -2.255024909973144531e-01 -2.374331504106521606e-01
-1.554325968027114868e-01 -1.493309140205383301e-01 -1.544520109891891479e-01 -1.492744982242584229e-01 -1.551096141338348389e-01 -1.479210555553436279e-01 -1.836933940649032593e-01 9.281129240989685059e-01 2.909903228282928467e-01 2.763466536998748779e-01 7.937312871217727661e-02 2.253653258085250854e-01 2.769949734210968018e-01
-1.813429445028305054e-01 -1.742461770772933960e-01 -1.795710474252700806e-01 -1.747401803731918335e-01 -1.855979710817337036e-01 -1.690493822097778320e-01 -2.298134267330169678e-01 2.909903228282928467e-01 1.115895867347717285e+00 5.474111437797546387e-01 2.215334773063659668e-01 4.586020410060882568e-01 4.965326488018035889e-01
-2.077494412660598755e-01 -2.018246203660964966e-01 -2.068584561347961426e-01 -2.029070258140563965e-01 -2.124179601669311523e-01 -1.985284984111785889e-01 -2.536141574382781982e-01 2.763466536998748779e-01 5.474111437797546387e-01 1.290759086608886719e+00 1.963742077350616455e-01 4.829692542552947998e-01 5.537182688713073730e-01
-1.407548040151596069e-01 -1.368926912546157837e-01 -1.402300298213958740e-01 -1.373456120491027832e-01 -1.423623263835906982e-01 -1.322587281465530396e-01 -1.665696501731872559e-01 7.937312871217727661e-02 2.215334773063659668e-01 1.963742077350616455e-01 7.782710194587707520e-01 1.625137478113174438e-01 2.042654305696487427e-01
-1.868305653333663940e-01 -1.801422536373138428e-01 -1.825841069221496582e-01 -1.785790771245956421e-01 -1.891704499721527100e-01 -1.752955168485641479e-01 -2.255024909973144531e-01 2.253653258085250854e-01 4.586020410060882568e-01 4.829692542552947998e-01 1.625137478113174438e-01 1.140093922615051270e+00 4.575062990188598633e-01
-1.907504647970199585e-01 -1.852314174175262451e-01 -1.895279735326766968e-01 -1.834632307291030884e-01 -1.951305717229843140e-01 -1.806220412254333496e-01 -2.374331504106521606e-01 2.769949734210968018e-01 4.965326488018035889e-01 5.537182688713073730e-01 2.042654305696487427e-01 4.575062990188598633e-01 1.187455892562866211e+00
